"SNP","beta_outcome","se_outcome","beta_exp1","beta_exp2","se_exp1","se_exp2","exp1","exp2","outcome","cond_F_stat_exp1","cond_F_stat_exp2"
"rs10148553",-0.00441139488134786,0.0317590292217032,0,-0.0276466715292348,0.0025,0.00619326,"BMI","OSA","HF",6.80889319075362,7.97989053978242
"rs10266330",0.0544637675299626,0.0312199688087739,0.0135,0.0294520004219282,0.0029,0.00642371,"BMI","OSA","HF",6.80889319075362,7.97989053978242
"rs10513136",-0.0843951281893674,0.0677372608407331,0.0341,0.0583349436794296,0.005,0.0126802,"BMI","OSA","HF",6.80889319075362,7.97989053978242
"rs10887584",0.0250237304332935,0.0311226331470769,0.0153,0.0273135651354597,0.0029,0.00606694,"BMI","OSA","HF",6.80889319075362,7.97989053978242
"rs11072577",-0.0368510988697998,0.0345425325126327,7e-04,-0.0323341599864044,0.0032,0.00671235,"BMI","OSA","HF",6.80889319075362,7.97989053978242
"rs111492193",0.0437960384997295,0.039836250461184,0.0039,0.0376329148068511,0.0039,0.00811495,"BMI","OSA","HF",6.80889319075362,7.97989053978242
"rs112502508",-0.0265277996512628,0.03176829119543,0.0324,0.0274303250480223,0.003,0.00614342,"BMI","OSA","HF",6.80889319075362,7.97989053978242
"rs112632613",-0.0672013267315782,0.0385710246711232,0,0.036852526596389,0.0036,0.0079477,"BMI","OSA","HF",6.80889319075362,7.97989053978242
"rs113618521",0.0662385047686444,0.0407788994856325,0.0039,0.0402394248594984,0.0038,0.00845972,"BMI","OSA","HF",6.80889319075362,7.97989053978242
"rs11558741",-0.0455014764260743,0.0428458525349983,0.0043,0.0367272223720269,0.0034,0.00820838,"BMI","OSA","HF",6.80889319075362,7.97989053978242
"rs11669624",0.0691986853903487,0.0308165337196554,0.0137,0.0271092024786178,0.0025,0.00609048,"BMI","OSA","HF",6.80889319075362,7.97989053978242
"rs11702131",-0.038851543577095,0.0395854474636025,-0.0014,0.036360858433566,0.0037,0.00808693,"BMI","OSA","HF",6.80889319075362,7.97989053978242
"rs117458536",0.0598676396226323,0.0799689632409241,-0.004,-0.0738166299825895,0.0073,0.0165385,"BMI","OSA","HF",6.80889319075362,7.97989053978242
"rs117760197",-0.0253901932815049,0.0888111791279806,0.0145,0.0742908125802495,0.008,0.0162351,"BMI","OSA","HF",6.80889319075362,7.97989053978242
"rs12129468",0.0592185604341465,0.0319792044889772,-0.0017,0.0305873992677909,0.0024,0.00633034,"BMI","OSA","HF",6.80889319075362,7.97989053978242
"rs12469358",0.0450687852835546,0.0406603138348132,-8e-04,-0.03754611607397,0.0033,0.00808232,"BMI","OSA","HF",6.80889319075362,7.97989053978242
"rs12511373",0.0174591211648812,0.0491415907237388,0.0146,0.0466640961638859,0.0048,0.0104099,"BMI","OSA","HF",6.80889319075362,7.97989053978242
"rs12597391",-0.044276885508261,0.0336082816185428,-0.0078,-0.0293381865789694,0.0028,0.00650278,"BMI","OSA","HF",6.80889319075362,7.97989053978242
"rs1262870",0.0525694702521334,0.0347640847650187,0,-0.0309748042994305,0.0033,0.00698451,"BMI","OSA","HF",6.80889319075362,7.97989053978242
"rs12673711",-0.0202081699032954,0.0357357984340456,-0.0088,-0.0312884171634295,0.0029,0.00686827,"BMI","OSA","HF",6.80889319075362,7.97989053978242
"rs12677847",-0.0580309764600553,0.0338263433116682,-0.0032,0.0308686236624662,0.0027,0.00667142,"BMI","OSA","HF",6.80889319075362,7.97989053978242
"rs13043844",-0.000231291184812938,0.0407870600858901,-0.0226,-0.037440219173847,0.0033,0.00812053,"BMI","OSA","HF",6.80889319075362,7.97989053978242
"rs13067039",-0.035820104141731,0.0488185553689935,0.0016,-0.045950749126394,0.004,0.0103739,"BMI","OSA","HF",6.80889319075362,7.97989053978242
"rs13130484",0.0738539677493943,0.0309953687139947,0.0352,0.0344980404075674,0.0024,0.00598687,"BMI","OSA","HF",6.80889319075362,7.97989053978242
"rs1367173",0.0121469108904811,0.0461867971448822,0.0011,0.0483710287253948,0.0036,0.00960637,"BMI","OSA","HF",6.80889319075362,7.97989053978242
"rs140702899",-0.0599153733227603,0.111005199589177,0.0418,0.122491931384118,0.0116,0.024905,"BMI","OSA","HF",6.80889319075362,7.97989053978242
"rs1445655",0.0207756395496286,0.0426890504660429,-0.0014,0.040863593654999,0.004,0.00848846,"BMI","OSA","HF",6.80889319075362,7.97989053978242
"rs150973658",-0.0606521148720499,0.0436762703851375,0.0016,0.0390668551639018,0.0042,0.00872194,"BMI","OSA","HF",6.80889319075362,7.97989053978242
"rs1556036",0.0253670373207009,0.0325647163387706,0.0103,0.029859727832683,0.0025,0.00668112,"BMI","OSA","HF",6.80889319075362,7.97989053978242
"rs1656631",-0.0369225019589961,0.0324689035843139,-0.0113,-0.0291806437524797,0.0026,0.0062666,"BMI","OSA","HF",6.80889319075362,7.97989053978242
"rs17134155",-0.0355481521512587,0.0395119033064652,-0.0083,-0.0343212949279699,0.0029,0.00772599,"BMI","OSA","HF",6.80889319075362,7.97989053978242
"rs17139246",0.0120387113228264,0.0314467994900716,0.0037,0.0309752742993201,0.0026,0.00641874,"BMI","OSA","HF",6.80889319075362,7.97989053978242
"rs17209532",0.0245136186922175,0.0338395858256594,0.0021,-0.0329861087524803,0.003,0.0072849,"BMI","OSA","HF",6.80889319075362,7.97989053978242
"rs17400325",-0.0221963281148757,0.077027521057024,-0.013,0.0804087945017296,0.0059,0.0148579,"BMI","OSA","HF",6.80889319075362,7.97989053978242
"rs17561473",-0.0320876189093378,0.040439394450759,-6e-04,-0.0322360428540933,0.0031,0.00726514,"BMI","OSA","HF",6.80889319075362,7.97989053978242
"rs1772910",0.0124321254894475,0.0403376862872123,0.0015,-0.0348948034075978,0.0037,0.00786174,"BMI","OSA","HF",6.80889319075362,7.97989053978242
"rs183331",-0.0310100721218894,0.0314243753156178,-0.0017,-0.0280178601029452,0.0025,0.00621615,"BMI","OSA","HF",6.80889319075362,7.97989053978242
"rs2180976",-0.0191649519186993,0.0323302576499057,0.0099,0.0278972284172359,0.003,0.00626135,"BMI","OSA","HF",6.80889319075362,7.97989053978242
"rs2238691",-0.067206618456789,0.0385043070539343,-0.0362,-0.0327019266859695,0.0037,0.00736417,"BMI","OSA","HF",6.80889319075362,7.97989053978242
"rs2374053",-0.0146915647914558,0.0351700280364189,-0.0206,-0.0310810502734013,0.0028,0.00690663,"BMI","OSA","HF",6.80889319075362,7.97989053978242
"rs2517686",0.0173652453180408,0.0362505840775255,-0.0032,0.0308977113278437,0.0034,0.00690465,"BMI","OSA","HF",6.80889319075362,7.97989053978242
"rs2551307",-0.00349260808085899,0.0314068458091922,0.0053,0.0292577860669348,0.0054,0.0065531,"BMI","OSA","HF",6.80889319075362,7.97989053978242
"rs261985",0.088614574658178,0.0314990889661058,0.0174,0.0288692441626598,0.0026,0.00634547,"BMI","OSA","HF",6.80889319075362,7.97989053978242
"rs2917685",0.00961978659807477,0.031436373628495,0.0154,0.027187059843964,0.0029,0.00600455,"BMI","OSA","HF",6.80889319075362,7.97989053978242
"rs3111819",-0.00836839246464481,0.0315388311191751,0.0028,0.0293937400758453,0.0025,0.00611798,"BMI","OSA","HF",6.80889319075362,7.97989053978242
"rs34003037",0.0818679608105531,0.0623174578682923,0.0021,0.0590610471292038,0.0063,0.0128527,"BMI","OSA","HF",6.80889319075362,7.97989053978242
"rs34007988",0.0857591084212586,0.0535787546306191,0.0085,0.048809211607076,0.0054,0.0110097,"BMI","OSA","HF",6.80889319075362,7.97989053978242
"rs34122146",-0.0503549890806004,0.0357425220603429,-0.0018,0.0325930292668609,0.0033,0.00737047,"BMI","OSA","HF",6.80889319075362,7.97989053978242
"rs34179442",0.0176267553966273,0.0312223571019017,3e-04,0.029471419783032,0.0029,0.00653006,"BMI","OSA","HF",6.80889319075362,7.97989053978242
"rs34888568",0.0909075543012613,0.048834995124517,-0.0125,-0.0496147040089953,0.0046,0.0108587,"BMI","OSA","HF",6.80889319075362,7.97989053978242
"rs34972145",-0.0239662945892724,0.0409314352376666,0.0055,0.0351258019753741,0.0039,0.00789777,"BMI","OSA","HF",6.80889319075362,7.97989053978242
"rs360005",-0.0472813848858993,0.0310031488431214,0.0043,0.0270410723110399,0.0029,0.00594948,"BMI","OSA","HF",6.80889319075362,7.97989053978242
"rs4497925",0.0510405179415548,0.0331730993506942,0.0035,0.0289955368412525,0.0031,0.00645244,"BMI","OSA","HF",6.80889319075362,7.97989053978242
"rs4650144",0.0302671314912245,0.0354870380620478,0.0097,0.0314502162732474,0.0032,0.00689184,"BMI","OSA","HF",6.80889319075362,7.97989053978242
"rs4681356",0.0178815115132973,0.0325451401700871,0.0012,0.0311691554120295,0.0027,0.00669635,"BMI","OSA","HF",6.80889319075362,7.97989053978242
"rs4721421",-0.0724652493738218,0.0350863909140094,0.0012,0.0302381830606099,0.0027,0.0067246,"BMI","OSA","HF",6.80889319075362,7.97989053978242
"rs4980906",0.00910006986867783,0.0317821464647342,0.0015,0.0284805512348925,0.0029,0.00635908,"BMI","OSA","HF",6.80889319075362,7.97989053978242
"rs528211",-0.019446121900637,0.0339055349911723,-0.0086,-0.0324612101553816,0.0027,0.00656365,"BMI","OSA","HF",6.80889319075362,7.97989053978242
"rs56328224",-0.0227945402702942,0.0375834183228983,0.0026,0.0355215720670785,0.0035,0.00703246,"BMI","OSA","HF",6.80889319075362,7.97989053978242
"rs57268239",0.0926125625392448,0.0470023397630717,-0.0042,-0.043194598587274,0.0046,0.00962476,"BMI","OSA","HF",6.80889319075362,7.97989053978242
"rs61164679",-0.0699246757289949,0.0319402981854126,-0.0109,-0.0284251950170761,0.003,0.00619645,"BMI","OSA","HF",6.80889319075362,7.97989053978242
"rs61827933",0.00865663325036833,0.0471285028442654,0.0189,0.0413722431057317,0.0045,0.00930243,"BMI","OSA","HF",6.80889319075362,7.97989053978242
"rs61869870",-0.005570991315977,0.0731189160020523,0.0135,0.0615371465155698,0.0066,0.0138627,"BMI","OSA","HF",6.80889319075362,7.97989053978242
"rs62011735",0.0192982154354782,0.035568116137752,-0.0049,0.0320895777085975,0.0034,0.00696072,"BMI","OSA","HF",6.80889319075362,7.97989053978242
"rs62064073",-0.0426314712862871,0.0586806895012281,-0.0042,-0.0522031818938781,0.0055,0.0114949,"BMI","OSA","HF",6.80889319075362,7.97989053978242
"rs62470372",0.0862600142806044,0.0470586447025762,0.0082,0.0418422738582328,0.0046,0.00932836,"BMI","OSA","HF",6.80889319075362,7.97989053978242
"rs62545228",-0.050657457356287,0.0433166045376832,-0.0117,-0.0384020083835099,0.004,0.00811377,"BMI","OSA","HF",6.80889319075362,7.97989053978242
"rs6453133",-0.0684741734589524,0.0341559696733272,-0.0239,-0.0299830322143558,0.0025,0.00654527,"BMI","OSA","HF",6.80889319075362,7.97989053978242
"rs6545176",-0.0191266970431458,0.0417592282991202,0.0017,-0.0375845324272972,0.0034,0.00849559,"BMI","OSA","HF",6.80889319075362,7.97989053978242
"rs662735",-0.0224640397749938,0.0405988939915601,6e-04,0.0341598516467048,0.0032,0.00771161,"BMI","OSA","HF",6.80889319075362,7.97989053978242
"rs66705052",0.116965614214807,0.0442353881081709,0.0184,0.0449638053675863,0.0044,0.00943727,"BMI","OSA","HF",6.80889319075362,7.97989053978242
"rs67855677",0.0185910427148144,0.0461002852244475,0.0035,0.0424846116061554,0.0043,0.00945184,"BMI","OSA","HF",6.80889319075362,7.97989053978242
"rs6815475",0.0124111806718082,0.0411531678740372,-7e-04,0.0340052129693304,0.0032,0.00767567,"BMI","OSA","HF",6.80889319075362,7.97989053978242
"rs6886690",-0.0128261009144311,0.039002992424143,-0.0017,-0.0339798306014655,0.0032,0.00762244,"BMI","OSA","HF",6.80889319075362,7.97989053978242
"rs689860",-0.0542427015493829,0.032544321046828,-0.0038,-0.0283182021042257,0.003,0.006366,"BMI","OSA","HF",6.80889319075362,7.97989053978242
"rs705620",0.0143771153668248,0.0360435208224047,0.0081,0.0318377568487514,0.0029,0.0069782,"BMI","OSA","HF",6.80889319075362,7.97989053978242
"rs7166356",0.0427825416785423,0.0342288002298572,0.0077,0.0319830458530507,0.0057,0.00705498,"BMI","OSA","HF",6.80889319075362,7.97989053978242
"rs7194696",0.022802298438641,0.0311714965794344,0.0052,0.027975024455512,0.0025,0.00606717,"BMI","OSA","HF",6.80889319075362,7.97989053978242
"rs72695721",-0.00976088347202244,0.0360868866468195,-0.0029,-0.0356116337225078,0.0033,0.00771973,"BMI","OSA","HF",6.80889319075362,7.97989053978242
"rs72760566",-0.0585520774754473,0.0505600601028275,-0.0058,-0.045941325965206,0.0046,0.0100661,"BMI","OSA","HF",6.80889319075362,7.97989053978242
"rs73198747",0.130561142846543,0.0957195807598355,0.0089,0.0881940107359163,0.0108,0.0198658,"BMI","OSA","HF",6.80889319075362,7.97989053978242
"rs73588406",0.0514790843704981,0.0499493136858273,-0.0036,-0.0501497379711869,0.0048,0.0108147,"BMI","OSA","HF",6.80889319075362,7.97989053978242
"rs74567472",-0.127089592421528,0.056397005783417,0.0087,-0.0580815456774152,0.0054,0.0119958,"BMI","OSA","HF",6.80889319075362,7.97989053978242
"rs7468707",0.0129779447119165,0.0310661303700482,0.0027,-0.0270012755029434,0.0039,0.00610435,"BMI","OSA","HF",6.80889319075362,7.97989053978242
"rs75283138",-0.0241121628653762,0.051151141676488,-0.0207,-0.0508712781857579,0.0048,0.0111895,"BMI","OSA","HF",6.80889319075362,7.97989053978242
"rs7530422",0.00559234242893268,0.031135035377894,3e-04,0.0328059517251775,0.0029,0.00639579,"BMI","OSA","HF",6.80889319075362,7.97989053978242
"rs75325684",0.0188703907917423,0.050236009806933,0.0081,-0.0533501450975254,0.0049,0.0119812,"BMI","OSA","HF",6.80889319075362,7.97989053978242
"rs75571461",-0.0571497759885326,0.045278247110324,-0.0283,-0.0464974444610522,0.0042,0.00887819,"BMI","OSA","HF",6.80889319075362,7.97989053978242
"rs7563829",-0.00453869713285892,0.0333936925842299,-0.0027,0.0302478851577184,0.0031,0.00658124,"BMI","OSA","HF",6.80889319075362,7.97989053978242
"rs7580544",0.0042014507620772,0.030865362675383,0.0013,0.0293548979593335,0.0025,0.00644468,"BMI","OSA","HF",6.80889319075362,7.97989053978242
"rs76131712",0.0436817255738759,0.046477004762981,0.0037,0.0455945875583921,0.0046,0.00959065,"BMI","OSA","HF",6.80889319075362,7.97989053978242
"rs765231",-0.0177268042905192,0.0319341726247689,-0.003,-0.0272694547983349,0.0026,0.00617133,"BMI","OSA","HF",6.80889319075362,7.97989053978242
"rs76714753",-0.0254608229951188,0.0719479547617075,0.002,-0.0621328836717166,0.0065,0.0136508,"BMI","OSA","HF",6.80889319075362,7.97989053978242
"rs769449",0.0814470068735721,0.0480634704196947,-0.0242,-0.0503747689927679,0.004,0.00954818,"BMI","OSA","HF",6.80889319075362,7.97989053978242
"rs77444362",0.0353713530923036,0.0658875510631762,0.0074,0.0604269552228573,0.0062,0.0132871,"BMI","OSA","HF",6.80889319075362,7.97989053978242
"rs7800690",0.0133326346286509,0.0353641195386584,6e-04,0.0312951579807101,0.0033,0.00689714,"BMI","OSA","HF",6.80889319075362,7.97989053978242
"rs7822926",0.0593761649936163,0.0309202744393851,-0.0042,-0.0276199430443785,0.0025,0.00596154,"BMI","OSA","HF",6.80889319075362,7.97989053978242
"rs78343610",0.218131090650353,0.106072863484032,-0.0212,0.104702299080816,0.0108,0.0234531,"BMI","OSA","HF",6.80889319075362,7.97989053978242
"rs78568939",0.0500367747565642,0.0831138574710691,0.0114,0.0736035592446318,0.0078,0.0162021,"BMI","OSA","HF",6.80889319075362,7.97989053978242
"rs7917983",0.0285600678372157,0.0309553619354366,-0.0125,-0.028118649759132,0.0024,0.00629366,"BMI","OSA","HF",6.80889319075362,7.97989053978242
"rs796364",0.105979401858423,0.0389121378192348,-0.006,-0.0350957126780616,0.0036,0.00774714,"BMI","OSA","HF",6.80889319075362,7.97989053978242
"rs80272565",-0.0828352144914544,0.105408545856094,0.009,0.0888072634198099,0.0093,0.0198229,"BMI","OSA","HF",6.80889319075362,7.97989053978242
"rs80310300",0.0348768233158202,0.0678228442981595,0.0071,0.059579369848526,0.0065,0.0134797,"BMI","OSA","HF",6.80889319075362,7.97989053978242
"rs8047506",0.00891591962548422,0.0311655094943111,0.0029,0.0278486028197394,0.0029,0.00611628,"BMI","OSA","HF",6.80889319075362,7.97989053978242
"rs8078514",-0.0363115320243237,0.0550914561521988,9e-04,0.0477801304475392,0.0052,0.0107304,"BMI","OSA","HF",6.80889319075362,7.97989053978242
"rs8081548",0.0347271320367098,0.0325039347656472,0.0036,0.0310916074776737,0.003,0.00658835,"BMI","OSA","HF",6.80889319075362,7.97989053978242
"rs9299401",-0.0407957363041098,0.0326049497449325,0.0044,0.0281403209443103,0.003,0.00626546,"BMI","OSA","HF",6.80889319075362,7.97989053978242
"rs9357126",0.00724158997939392,0.0312072113690184,3e-04,-0.0290828355316723,0.003,0.00656447,"BMI","OSA","HF",6.80889319075362,7.97989053978242
"rs9870384",-0.0134331658329491,0.0316056491847816,0.0114,0.0280430910246428,0.0026,0.0061238,"BMI","OSA","HF",6.80889319075362,7.97989053978242
"rs9932035",0.00200531097909613,0.031985465688832,-0.0066,-0.0276333071975052,0.003,0.00622196,"BMI","OSA","HF",6.80889319075362,7.97989053978242
"rs9957668",-0.0313710579699566,0.032151802264047,0.0015,0.0306164951143608,0.0026,0.00633985,"BMI","OSA","HF",6.80889319075362,7.97989053978242
